0.000000 0.597300 0.099900 0.000250 0.100600 0.202050 0.000150 0.999950
0.030000 0.594613 0.099802 0.000500 0.101193 0.204092 0.000300 0.999900
0.060000 0.591939 0.099707 0.000749 0.101780 0.206125 0.000450 0.999850
0.090000 0.589278 0.099613 0.000999 0.102360 0.208150 0.000599 0.999800
0.120000 0.586630 0.099522 0.001248 0.102933 0.210167 0.000749 0.999750
0.150000 0.583994 0.099432 0.001496 0.103500 0.212176 0.000898 0.999701
0.180000 0.581371 0.099345 0.001745 0.104061 0.214176 0.001047 0.999651
0.210000 0.578761 0.099260 0.001993 0.104615 0.216169 0.001196 0.999601
0.240000 0.576163 0.099177 0.002241 0.105163 0.218153 0.001345 0.999552
0.270000 0.573577 0.099096 0.002489 0.105704 0.220130 0.001494 0.999502
0.300000 0.571004 0.099016 0.002737 0.106240 0.222098 0.001642 0.999453
0.330000 0.568442 0.098939 0.002985 0.106769 0.224059 0.001791 0.999403
0.360000 0.565894 0.098864 0.003232 0.107292 0.226011 0.001939 0.999354
0.390000 0.563357 0.098790 0.003479 0.107810 0.227956 0.002088 0.999304
0.420000 0.560832 0.098718 0.003726 0.108321 0.229893 0.002236 0.999255
0.450000 0.558319 0.098648 0.003973 0.108827 0.231822 0.002384 0.999205
0.480000 0.555818 0.098580 0.004220 0.109326 0.233744 0.002532 0.999156
0.510000 0.553328 0.098514 0.004466 0.109820 0.235658 0.002680 0.999107
0.540000 0.550851 0.098449 0.004712 0.110308 0.237564 0.002827 0.999058
0.570000 0.548385 0.098386 0.004958 0.110791 0.239463 0.002975 0.999008
0.600000 0.545930 0.098325 0.005204 0.111268 0.241354 0.003123 0.998959
0.630000 0.543487 0.098266 0.005450 0.111739 0.243238 0.003270 0.998910
0.660000 0.541056 0.098208 0.005696 0.112205 0.245114 0.003418 0.998861
0.690000 0.538636 0.098152 0.005941 0.112666 0.246982 0.003565 0.998812
0.720000 0.536227 0.098097 0.006187 0.113121 0.248844 0.003712 0.998763
0.750000 0.533829 0.098044 0.006432 0.113570 0.250698 0.003859 0.998714
0.780000 0.531442 0.097993 0.006677 0.114015 0.252544 0.004006 0.998665
0.810000 0.529067 0.097943 0.006922 0.114454 0.254383 0.004153 0.998616
0.840000 0.526702 0.097894 0.007167 0.114888 0.256216 0.004300 0.998567
0.870000 0.524349 0.097847 0.007412 0.115316 0.258040 0.004447 0.998518
0.900000 0.522006 0.097802 0.007656 0.115740 0.259858 0.004594 0.998469
0.930000 0.519674 0.097758 0.007901 0.116159 0.261669 0.004740 0.998420
0.960000 0.517353 0.097715 0.008145 0.116572 0.263472 0.004887 0.998371
0.990000 0.515043 0.097674 0.008390 0.116981 0.265268 0.005034 0.998322
1.020000 0.512743 0.097634 0.008634 0.117384 0.267058 0.005180 0.998273
1.050000 0.510454 0.097596 0.008878 0.117783 0.268840 0.005327 0.998224
1.080000 0.508175 0.097559 0.009122 0.118177 0.270615 0.005473 0.998176
1.110000 0.505907 0.097523 0.009366 0.118566 0.272384 0.005619 0.998127
1.140000 0.503649 0.097489 0.009609 0.118951 0.274145 0.005766 0.998078
1.170000 0.501402 0.097456 0.009853 0.119330 0.275900 0.005912 0.998029
1.200000 0.499165 0.097424 0.010097 0.119705 0.277648 0.006058 0.997981
1.230000 0.496938 0.097393 0.010340 0.120076 0.279389 0.006204 0.997932
1.260000 0.494721 0.097364 0.010584 0.120441 0.281123 0.006350 0.997883
1.290000 0.492514 0.097336 0.010827 0.120803 0.282851 0.006496 0.997835
1.320000 0.490318 0.097309 0.011071 0.121159 0.284572 0.006642 0.997786
1.350000 0.488131 0.097283 0.011314 0.121511 0.286286 0.006788 0.997737
1.380000 0.485954 0.097259 0.011557 0.121859 0.287993 0.006934 0.997689
1.410000 0.483788 0.097235 0.011800 0.122203 0.289694 0.007080 0.997640
1.440000 0.481631 0.097213 0.012043 0.122542 0.291389 0.007226 0.997591
1.470000 0.479483 0.097192 0.012286 0.122876 0.293077 0.007372 0.997543
1.500000 0.477346 0.097171 0.012529 0.123207 0.294758 0.007518 0.997494
1.530000 0.475218 0.097152 0.012772 0.123533 0.296433 0.007663 0.997446
1.560000 0.473100 0.097134 0.013015 0.123855 0.298102 0.007809 0.997397
1.590000 0.470991 0.097117 0.013258 0.124173 0.299764 0.007955 0.997348
1.620000 0.468892 0.097101 0.013501 0.124486 0.301420 0.008100 0.997300
1.650000 0.466803 0.097087 0.013744 0.124796 0.303069 0.008246 0.997251
1.680000 0.464722 0.097073 0.013986 0.125101 0.304712 0.008392 0.997203
1.710000 0.462652 0.097060 0.014229 0.125402 0.306349 0.008537 0.997154
1.740000 0.460590 0.097048 0.014472 0.125700 0.307980 0.008683 0.997106
1.770000 0.458538 0.097036 0.014714 0.125993 0.309604 0.008829 0.997057
1.800000 0.456495 0.097026 0.014957 0.126283 0.311222 0.008974 0.997009
1.830000 0.454461 0.097017 0.015199 0.126568 0.312834 0.009120 0.996960
1.860000 0.452436 0.097009 0.015442 0.126850 0.314440 0.009265 0.996912
1.890000 0.450421 0.097001 0.015684 0.127128 0.316040 0.009411 0.996863
1.920000 0.448414 0.096995 0.015927 0.127402 0.317634 0.009556 0.996815
1.950000 0.446416 0.096989 0.016169 0.127672 0.319222 0.009702 0.996766
1.980000 0.444428 0.096984 0.016412 0.127938 0.320803 0.009847 0.996718
2.010000 0.442448 0.096980 0.016654 0.128201 0.322379 0.009993 0.996669
2.040000 0.440477 0.096976 0.016897 0.128460 0.323949 0.010138 0.996621
2.070000 0.438515 0.096974 0.017139 0.128715 0.325513 0.010284 0.996572
2.100000 0.436561 0.096972 0.017382 0.128967 0.327071 0.010429 0.996524
2.130000 0.434616 0.096971 0.017624 0.129215 0.328623 0.010574 0.996475
2.160000 0.432680 0.096971 0.017867 0.129460 0.330169 0.010720 0.996427
2.190000 0.430753 0.096971 0.018109 0.129701 0.331710 0.010865 0.996378
2.220000 0.428834 0.096973 0.018351 0.129938 0.333244 0.011011 0.996330
2.250000 0.426924 0.096975 0.018594 0.130172 0.334773 0.011156 0.996281
2.280000 0.425022 0.096977 0.018836 0.130403 0.336296 0.011302 0.996233
2.310000 0.423129 0.096980 0.019079 0.130630 0.337814 0.011447 0.996184
2.340000 0.421244 0.096984 0.019321 0.130853 0.339326 0.011593 0.996136
2.370000 0.419367 0.096989 0.019564 0.131074 0.340832 0.011738 0.996087
2.400000 0.417499 0.096994 0.019806 0.131290 0.342332 0.011884 0.996039
2.430000 0.415639 0.097000 0.020049 0.131504 0.343827 0.012029 0.995990
2.460000 0.413788 0.097007 0.020291 0.131714 0.345317 0.012175 0.995942
2.490000 0.411944 0.097014 0.020534 0.131921 0.346801 0.012320 0.995893
2.520000 0.410109 0.097022 0.020776 0.132125 0.348279 0.012466 0.995845
2.550000 0.408282 0.097030 0.021019 0.132325 0.349752 0.012611 0.995796
2.580000 0.406463 0.097039 0.021261 0.132523 0.351219 0.012757 0.995748
2.610000 0.404652 0.097048 0.021504 0.132717 0.352681 0.012902 0.995699
2.640000 0.402849 0.097058 0.021746 0.132908 0.354138 0.013048 0.995651
2.670000 0.401053 0.097069 0.021989 0.133095 0.355589 0.013193 0.995602
2.700000 0.399266 0.097080 0.022232 0.133280 0.357035 0.013339 0.995554
2.730000 0.397487 0.097091 0.022474 0.133462 0.358475 0.013485 0.995505
2.760000 0.395716 0.097103 0.022717 0.133640 0.359911 0.013630 0.995457
2.790000 0.393952 0.097116 0.022960 0.133816 0.361341 0.013776 0.995408
2.820000 0.392197 0.097129 0.023203 0.133988 0.362765 0.013922 0.995359
2.850000 0.390449 0.097142 0.023446 0.134157 0.364185 0.014067 0.995311
2.880000 0.388708 0.097156 0.023688 0.134324 0.365599 0.014213 0.995262
2.910000 0.386976 0.097170 0.023931 0.134487 0.367008 0.014359 0.995214
2.940000 0.385251 0.097185 0.024174 0.134648 0.368412 0.014505 0.995165
2.970000 0.383533 0.097200 0.024417 0.134806 0.369810 0.014650 0.995117
3.000000 0.381824 0.097216 0.024660 0.134960 0.371204 0.014796 0.995068
3.030000 0.380121 0.097232 0.024903 0.135112 0.372593 0.014942 0.995019
3.060000 0.378427 0.097248 0.025146 0.135261 0.373976 0.015088 0.994971
3.090000 0.376739 0.097265 0.025389 0.135408 0.375354 0.015234 0.994922
3.120000 0.375059 0.097282 0.025633 0.135551 0.376728 0.015380 0.994873
3.150000 0.373387 0.097300 0.025876 0.135692 0.378096 0.015525 0.994825
3.180000 0.371722 0.097318 0.026119 0.135830 0.379460 0.015671 0.994776
3.210000 0.370064 0.097336 0.026362 0.135965 0.380818 0.015817 0.994728
3.240000 0.368413 0.097354 0.026606 0.136097 0.382172 0.015963 0.994679
3.270000 0.366770 0.097373 0.026849 0.136227 0.383520 0.016109 0.994630
3.300000 0.365134 0.097392 0.027093 0.136354 0.384864 0.016256 0.994581
3.330000 0.363505 0.097412 0.027336 0.136478 0.386203 0.016402 0.994533
3.360000 0.361884 0.097432 0.027580 0.136600 0.387537 0.016548 0.994484
3.390000 0.360269 0.097452 0.027823 0.136719 0.388866 0.016694 0.994435
3.420000 0.358662 0.097472 0.028067 0.136835 0.390191 0.016840 0.994387
3.450000 0.357061 0.097493 0.028310 0.136949 0.391510 0.016986 0.994338
3.480000 0.355468 0.097514 0.028554 0.137061 0.392825 0.017132 0.994289
3.510000 0.353882 0.097535 0.028798 0.137169 0.394135 0.017279 0.994240
3.540000 0.352302 0.097556 0.029042 0.137276 0.395441 0.017425 0.994192
3.570000 0.350730 0.097578 0.029286 0.137379 0.396742 0.017571 0.994143
3.600000 0.349164 0.097600 0.029530 0.137481 0.398038 0.017718 0.994094
3.630000 0.347606 0.097622 0.029774 0.137579 0.399329 0.017864 0.994045
3.660000 0.346054 0.097644 0.030018 0.137676 0.400616 0.018011 0.993996
3.690000 0.344509 0.097666 0.030262 0.137769 0.401898 0.018157 0.993948
3.720000 0.342971 0.097689 0.030506 0.137861 0.403176 0.018304 0.993899
3.750000 0.341439 0.097712 0.030750 0.137950 0.404449 0.018450 0.993850
3.780000 0.339914 0.097735 0.030994 0.138036 0.405718 0.018597 0.993801
3.810000 0.338396 0.097758 0.031239 0.138121 0.406982 0.018743 0.993752
3.840000 0.336885 0.097781 0.031483 0.138202 0.408241 0.018890 0.993703
3.870000 0.335380 0.097805 0.031728 0.138282 0.409497 0.019037 0.993654
3.900000 0.333882 0.097828 0.031972 0.138359 0.410747 0.019183 0.993606
3.930000 0.332390 0.097852 0.032217 0.138434 0.411993 0.019330 0.993557
3.960000 0.330905 0.097876 0.032461 0.138507 0.413235 0.019477 0.993508
3.990000 0.329427 0.097900 0.032706 0.138577 0.414473 0.019624 0.993459
4.020000 0.327955 0.097924 0.032951 0.138645 0.415706 0.019770 0.993410
4.050000 0.326489 0.097948 0.033196 0.138711 0.416934 0.019917 0.993361
4.080000 0.325030 0.097973 0.033440 0.138774 0.418159 0.020064 0.993312
4.110000 0.323577 0.097997 0.033685 0.138836 0.419379 0.020211 0.993263
4.140000 0.322131 0.098022 0.033930 0.138895 0.420594 0.020358 0.993214
4.170000 0.320691 0.098046 0.034175 0.138952 0.421806 0.020505 0.993165
4.200000 0.319257 0.098071 0.034421 0.139006 0.423013 0.020652 0.993116
4.230000 0.317830 0.098096 0.034666 0.139059 0.424216 0.020799 0.993067
4.260000 0.316409 0.098121 0.034911 0.139110 0.425415 0.020947 0.993018
4.290000 0.314994 0.098145 0.035156 0.139158 0.426609 0.021094 0.992969
4.320000 0.313585 0.098170 0.035402 0.139204 0.427800 0.021241 0.992920
4.350000 0.312182 0.098195 0.035647 0.139248 0.428986 0.021388 0.992871
4.380000 0.310786 0.098220 0.035893 0.139290 0.430168 0.021536 0.992821
4.410000 0.309396 0.098245 0.036138 0.139330 0.431346 0.021683 0.992772
4.440000 0.308012 0.098270 0.036384 0.139368 0.432519 0.021830 0.992723
4.470000 0.306634 0.098295 0.036629 0.139404 0.433689 0.021978 0.992674
4.500000 0.305262 0.098320 0.036875 0.139438 0.434855 0.022125 0.992625
4.530000 0.303896 0.098345 0.037121 0.139470 0.436016 0.022273 0.992576
4.560000 0.302536 0.098370 0.037367 0.139500 0.437174 0.022420 0.992527
4.590000 0.301182 0.098395 0.037613 0.139528 0.438328 0.022568 0.992477
4.620000 0.299834 0.098420 0.037859 0.139554 0.439477 0.022715 0.992428
4.650000 0.298491 0.098445 0.038105 0.139578 0.440623 0.022863 0.992379
4.680000 0.297155 0.098470 0.038351 0.139600 0.441764 0.023011 0.992330
4.710000 0.295825 0.098495 0.038597 0.139620 0.442902 0.023158 0.992281
4.740000 0.294500 0.098520 0.038843 0.139638 0.444036 0.023306 0.992231
4.770000 0.293181 0.098545 0.039090 0.139655 0.445165 0.023454 0.992182
4.800000 0.291869 0.098570 0.039336 0.139669 0.446291 0.023602 0.992133
4.830000 0.290561 0.098594 0.039582 0.139681 0.447413 0.023749 0.992084
4.860000 0.289260 0.098619 0.039829 0.139692 0.448531 0.023897 0.992034
4.890000 0.287964 0.098644 0.040075 0.139701 0.449646 0.024045 0.991985
4.920000 0.286674 0.098668 0.040322 0.139708 0.450756 0.024193 0.991936
4.950000 0.285390 0.098693 0.040569 0.139713 0.451863 0.024341 0.991886
4.980000 0.284111 0.098717 0.040815 0.139716 0.452966 0.024489 0.991837
5.010000 0.282838 0.098741 0.041062 0.139718 0.454065 0.024637 0.991788
5.040000 0.281571 0.098766 0.041309 0.139718 0.455160 0.024785 0.991738
5.070000 0.280309 0.098790 0.041556 0.139716 0.456252 0.024934 0.991689
5.100000 0.279053 0.098814 0.041803 0.139712 0.457340 0.025082 0.991639
5.130000 0.277802 0.098837 0.042050 0.139706 0.458424 0.025230 0.991590
5.160000 0.276557 0.098861 0.042297 0.139699 0.459505 0.025378 0.991541
5.190000 0.275317 0.098885 0.042544 0.139690 0.460581 0.025527 0.991491
5.220000 0.274083 0.098908 0.042791 0.139680 0.461655 0.025675 0.991442
5.250000 0.272854 0.098932 0.043039 0.139667 0.462724 0.025823 0.991392
5.280000 0.271630 0.098955 0.043286 0.139653 0.463790 0.025972 0.991343
5.310000 0.270412 0.098978 0.043533 0.139637 0.464852 0.026120 0.991293
5.340000 0.269199 0.099001 0.043781 0.139620 0.465911 0.026269 0.991244
5.370000 0.267992 0.099024 0.044028 0.139601 0.466966 0.026417 0.991194
5.400000 0.266790 0.099047 0.044276 0.139580 0.468018 0.026566 0.991145
5.430000 0.265593 0.099069 0.044524 0.139558 0.469066 0.026714 0.991095
5.460000 0.264402 0.099092 0.044771 0.139534 0.470110 0.026863 0.991046
5.490000 0.263216 0.099114 0.045019 0.139508 0.471151 0.027011 0.990996
5.520000 0.262035 0.099136 0.045267 0.139481 0.472188 0.027160 0.990947
5.550000 0.260859 0.099158 0.045515 0.139452 0.473222 0.027309 0.990897
5.580000 0.259688 0.099180 0.045762 0.139422 0.474253 0.027457 0.990848
5.610000 0.258523 0.099201 0.046010 0.139390 0.475280 0.027606 0.990798
5.640000 0.257363 0.099223 0.046258 0.139356 0.476303 0.027755 0.990748
5.670000 0.256208 0.099244 0.046506 0.139321 0.477324 0.027904 0.990699
5.700000 0.255058 0.099265 0.046755 0.139285 0.478340 0.028053 0.990649
5.730000 0.253913 0.099286 0.047003 0.139247 0.479354 0.028202 0.990599
5.760000 0.252773 0.099306 0.047251 0.139207 0.480364 0.028351 0.990550
5.790000 0.251638 0.099327 0.047499 0.139166 0.481370 0.028500 0.990500
5.820000 0.250508 0.099347 0.047748 0.139123 0.482373 0.028649 0.990450
5.850000 0.249383 0.099367 0.047996 0.139079 0.483373 0.028798 0.990401
5.880000 0.248263 0.099386 0.048244 0.139034 0.484370 0.028947 0.990351
5.910000 0.247148 0.099406 0.048493 0.138987 0.485363 0.029096 0.990301
5.940000 0.246038 0.099425 0.048741 0.138938 0.486353 0.029245 0.990252
5.970000 0.244933 0.099444 0.048990 0.138888 0.487340 0.029394 0.990202
6.000000 0.243833 0.099463 0.049239 0.138837 0.488323 0.029543 0.990152
6.030000 0.242738 0.099482 0.049487 0.138784 0.489303 0.029692 0.990103
6.060000 0.241648 0.099500 0.049736 0.138730 0.490280 0.029842 0.990053
6.090000 0.240562 0.099519 0.049985 0.138675 0.491254 0.029991 0.990003
6.120000 0.239481 0.099537 0.050233 0.138618 0.492224 0.030140 0.989953
6.150000 0.238405 0.099554 0.050482 0.138560 0.493192 0.030289 0.989904
6.180000 0.237334 0.099572 0.050731 0.138500 0.494156 0.030439 0.989854
6.210000 0.236267 0.099589 0.050980 0.138439 0.495117 0.030588 0.989804
6.240000 0.235206 0.099606 0.051229 0.138376 0.496074 0.030737 0.989754
6.270000 0.234149 0.099623 0.051478 0.138313 0.497029 0.030887 0.989704
6.300000 0.233096 0.099639 0.051727 0.138248 0.497981 0.031036 0.989655
6.330000 0.232049 0.099655 0.051976 0.138181 0.498929 0.031186 0.989605
6.360000 0.231006 0.099671 0.052225 0.138114 0.499874 0.031335 0.989555
6.390000 0.229967 0.099687 0.052475 0.138045 0.500816 0.031485 0.989505
6.420000 0.228933 0.099702 0.052724 0.137974 0.501756 0.031634 0.989455
6.450000 0.227904 0.099717 0.052973 0.137903 0.502692 0.031784 0.989405
6.480000 0.226880 0.099732 0.053222 0.137830 0.503625 0.031933 0.989356
6.510000 0.225860 0.099747 0.053472 0.137756 0.504555 0.032083 0.989306
6.540000 0.224844 0.099761 0.053721 0.137681 0.505482 0.032233 0.989256
6.570000 0.223833 0.099775 0.053970 0.137604 0.506406 0.032382 0.989206
6.600000 0.222827 0.099789 0.054220 0.137526 0.507326 0.032532 0.989156
6.630000 0.221825 0.099802 0.054469 0.137447 0.508244 0.032682 0.989106
6.660000 0.220827 0.099815 0.054719 0.137367 0.509159 0.032831 0.989056
6.690000 0.219834 0.099828 0.054968 0.137285 0.510071 0.032981 0.989006
6.720000 0.218845 0.099841 0.055218 0.137203 0.510980 0.033131 0.988956
6.750000 0.217861 0.099853 0.055468 0.137119 0.511887 0.033281 0.988906
6.780000 0.216881 0.099865 0.055717 0.137034 0.512790 0.033430 0.988857
6.810000 0.215906 0.099877 0.055967 0.136948 0.513690 0.033580 0.988807
6.840000 0.214934 0.099888 0.056217 0.136860 0.514588 0.033730 0.988757
6.870000 0.213968 0.099899 0.056466 0.136772 0.515482 0.033880 0.988707
6.900000 0.213005 0.099910 0.056716 0.136682 0.516374 0.034030 0.988657
6.930000 0.212047 0.099920 0.056966 0.136591 0.517262 0.034179 0.988607
6.960000 0.211093 0.099930 0.057216 0.136499 0.518148 0.034329 0.988557
6.990000 0.210143 0.099940 0.057465 0.136406 0.519032 0.034479 0.988507
7.020000 0.209198 0.099949 0.057715 0.136312 0.519912 0.034629 0.988457
7.050000 0.208256 0.099958 0.057965 0.136217 0.520789 0.034779 0.988407
7.080000 0.207319 0.099967 0.058215 0.136120 0.521664 0.034929 0.988357
7.110000 0.206387 0.099976 0.058465 0.136023 0.522536 0.035079 0.988307
7.140000 0.205458 0.099984 0.058715 0.135924 0.523405 0.035229 0.988257
7.170000 0.204533 0.099992 0.058965 0.135825 0.524271 0.035379 0.988207
7.200000 0.203613 0.099999 0.059215 0.135724 0.525135 0.035529 0.988157
7.230000 0.202697 0.100006 0.059465 0.135622 0.525996 0.035679 0.988107
7.260000 0.201785 0.100013 0.059715 0.135519 0.526854 0.035829 0.988057
7.290000 0.200877 0.100020 0.059965 0.135416 0.527709 0.035979 0.988007
7.320000 0.199973 0.100026 0.060215 0.135311 0.528562 0.036129 0.987957
7.350000 0.199073 0.100032 0.060465 0.135205 0.529412 0.036279 0.987907
7.380000 0.198177 0.100037 0.060715 0.135098 0.530259 0.036429 0.987857
7.410000 0.197285 0.100042 0.060965 0.134990 0.531104 0.036579 0.987807
7.440000 0.196397 0.100047 0.061215 0.134881 0.531946 0.036729 0.987757
7.470000 0.195513 0.100052 0.061465 0.134771 0.532785 0.036879 0.987707
7.500000 0.194633 0.100056 0.061715 0.134660 0.533622 0.037029 0.987657
7.530000 0.193757 0.100060 0.061966 0.134548 0.534456 0.037179 0.987607
7.560000 0.192885 0.100063 0.062216 0.134436 0.535287 0.037329 0.987557
7.590000 0.192017 0.100066 0.062466 0.134322 0.536116 0.037480 0.987507
7.620000 0.191152 0.100069 0.062716 0.134207 0.536942 0.037630 0.987457
7.650000 0.190292 0.100071 0.062966 0.134091 0.537766 0.037780 0.987407
7.680000 0.189436 0.100073 0.063216 0.133975 0.538587 0.037930 0.987357
7.710000 0.188583 0.100075 0.063467 0.133857 0.539405 0.038080 0.987307
7.740000 0.187734 0.100076 0.063717 0.133739 0.540221 0.038230 0.987257
7.770000 0.186889 0.100077 0.063967 0.133619 0.541035 0.038380 0.987207
7.800000 0.186048 0.100077 0.064217 0.133499 0.541846 0.038530 0.987157
7.830000 0.185210 0.100078 0.064467 0.133378 0.542654 0.038680 0.987107
7.860000 0.184377 0.100077 0.064718 0.133256 0.543460 0.038831 0.987056
7.890000 0.183547 0.100077 0.064968 0.133133 0.544263 0.038981 0.987006
7.920000 0.182721 0.100076 0.065218 0.133009 0.545064 0.039131 0.986956
7.950000 0.181898 0.100075 0.065468 0.132884 0.545862 0.039281 0.986906
7.980000 0.181079 0.100073 0.065718 0.132758 0.546658 0.039431 0.986856
8.010000 0.180264 0.100071 0.065969 0.132632 0.547452 0.039581 0.986806
8.040000 0.179453 0.100069 0.066219 0.132505 0.548242 0.039731 0.986756
8.070000 0.178645 0.100066 0.066469 0.132376 0.549031 0.039881 0.986706
8.100000 0.177841 0.100063 0.066719 0.132247 0.549817 0.040031 0.986656
8.130000 0.177041 0.100059 0.066969 0.132118 0.550601 0.040182 0.986606
8.160000 0.176244 0.100055 0.067219 0.131987 0.551382 0.040332 0.986556
8.190000 0.175451 0.100051 0.067469 0.131856 0.552161 0.040482 0.986506
8.220000 0.174661 0.100046 0.067720 0.131723 0.552937 0.040632 0.986456
8.250000 0.173875 0.100041 0.067970 0.131590 0.553712 0.040782 0.986406
8.280000 0.173092 0.100036 0.068220 0.131456 0.554483 0.040932 0.986356
8.310000 0.172313 0.100030 0.068470 0.131322 0.555253 0.041082 0.986306
8.340000 0.171538 0.100024 0.068720 0.131186 0.556020 0.041232 0.986256
8.370000 0.170766 0.100018 0.068970 0.131050 0.556784 0.041382 0.986206
8.400000 0.169997 0.100011 0.069220 0.130913 0.557547 0.041532 0.986156
8.430000 0.169232 0.100003 0.069470 0.130776 0.558307 0.041682 0.986106
8.460000 0.168471 0.099996 0.069720 0.130637 0.559064 0.041832 0.986056
8.490000 0.167713 0.099988 0.069970 0.130498 0.559820 0.041982 0.986006
8.520000 0.166958 0.099979 0.070220 0.130358 0.560573 0.042132 0.985956
8.550000 0.166207 0.099970 0.070470 0.130217 0.561324 0.042282 0.985906
8.580000 0.165459 0.099961 0.070720 0.130076 0.562072 0.042432 0.985856
8.610000 0.164714 0.099951 0.070970 0.129934 0.562819 0.042582 0.985806
8.640000 0.163973 0.099941 0.071220 0.129791 0.563563 0.042732 0.985756
8.670000 0.163236 0.099931 0.071470 0.129647 0.564304 0.042882 0.985706
8.700000 0.162501 0.099920 0.071719 0.129503 0.565044 0.043032 0.985656
8.730000 0.161770 0.099909 0.071969 0.129358 0.565781 0.043182 0.985606
8.760000 0.161042 0.099898 0.072219 0.129212 0.566516 0.043331 0.985556
8.790000 0.160318 0.099886 0.072469 0.129066 0.567249 0.043481 0.985506
8.820000 0.159597 0.099873 0.072718 0.128919 0.567980 0.043631 0.985456
8.850000 0.158879 0.099861 0.072968 0.128771 0.568708 0.043781 0.985406
8.880000 0.158164 0.099847 0.073218 0.128623 0.569435 0.043931 0.985356
8.910000 0.157453 0.099834 0.073467 0.128474 0.570159 0.044080 0.985307
8.940000 0.156745 0.099820 0.073717 0.128324 0.570881 0.044230 0.985257
8.970000 0.156040 0.099806 0.073967 0.128174 0.571600 0.044380 0.985207
9.000000 0.155338 0.099791 0.074216 0.128023 0.572318 0.044530 0.985157
9.030000 0.154640 0.099776 0.074466 0.127872 0.573034 0.044679 0.985107
9.060000 0.153944 0.099760 0.074715 0.127720 0.573747 0.044829 0.985057
9.090000 0.153252 0.099744 0.074964 0.127567 0.574458 0.044979 0.985007
9.120000 0.152563 0.099728 0.075214 0.127413 0.575167 0.045128 0.984957
9.150000 0.151877 0.099712 0.075463 0.127259 0.575874 0.045278 0.984907
9.180000 0.151194 0.099694 0.075712 0.127105 0.576579 0.045427 0.984858
9.210000 0.150515 0.099677 0.075962 0.126949 0.577282 0.045577 0.984808
9.240000 0.149838 0.099659 0.076211 0.126794 0.577983 0.045726 0.984758
9.270000 0.149165 0.099641 0.076460 0.126637 0.578681 0.045876 0.984708
9.300000 0.148494 0.099622 0.076709 0.126480 0.579378 0.046025 0.984658
9.330000 0.147827 0.099603 0.076958 0.126323 0.580072 0.046175 0.984608
9.360000 0.147162 0.099584 0.077207 0.126165 0.580765 0.046324 0.984559
9.390000 0.146501 0.099564 0.077456 0.126006 0.581455 0.046474 0.984509
9.420000 0.145843 0.099544 0.077705 0.125847 0.582144 0.046623 0.984459
9.450000 0.145187 0.099523 0.077954 0.125687 0.582830 0.046772 0.984409
9.480000 0.144535 0.099502 0.078203 0.125527 0.583515 0.046922 0.984359
9.510000 0.143886 0.099481 0.078451 0.125366 0.584197 0.047071 0.984310
9.540000 0.143239 0.099459 0.078700 0.125204 0.584877 0.047220 0.984260
9.570000 0.142596 0.099437 0.078949 0.125042 0.585556 0.047369 0.984210
9.600000 0.141956 0.099414 0.079197 0.124880 0.586232 0.047518 0.984161
9.630000 0.141318 0.099391 0.079446 0.124717 0.586906 0.047668 0.984111
9.660000 0.140683 0.099367 0.079694 0.124554 0.587579 0.047817 0.984061
9.690000 0.140052 0.099344 0.079943 0.124390 0.588249 0.047966 0.984011
9.720000 0.139423 0.099319 0.080191 0.124225 0.588918 0.048115 0.983962
9.750000 0.138797 0.099295 0.080439 0.124060 0.589584 0.048264 0.983912
9.780000 0.138174 0.099270 0.080688 0.123895 0.590249 0.048413 0.983862
9.810000 0.137553 0.099244 0.080936 0.123729 0.590912 0.048561 0.983813
9.840000 0.136936 0.099219 0.081184 0.123562 0.591573 0.048710 0.983763
9.870000 0.136321 0.099192 0.081432 0.123396 0.592231 0.048859 0.983714
9.900000 0.135710 0.099166 0.081680 0.123228 0.592888 0.049008 0.983664
9.930000 0.135101 0.099139 0.081928 0.123060 0.593543 0.049157 0.983614
9.960000 0.134494 0.099112 0.082176 0.122892 0.594197 0.049305 0.983565
9.990000 0.133891 0.099084 0.082423 0.122723 0.594848 0.049454 0.983515
10.020000 0.133290 0.099056 0.082671 0.122554 0.595497 0.049603 0.983466
10.050000 0.132692 0.099027 0.082919 0.122385 0.596145 0.049751 0.983416
10.080000 0.132097 0.098998 0.083166 0.122215 0.596790 0.049900 0.983367
10.110000 0.131505 0.098969 0.083414 0.122044 0.597434 0.050048 0.983317
10.140000 0.130915 0.098939 0.083661 0.121873 0.598076 0.050197 0.983268
10.170000 0.130328 0.098909 0.083909 0.121702 0.598716 0.050345 0.983218
10.200000 0.129744 0.098878 0.084156 0.121530 0.599354 0.050494 0.983169
10.230000 0.129162 0.098847 0.084403 0.121358 0.599991 0.050642 0.983119
10.260000 0.128583 0.098816 0.084650 0.121185 0.600625 0.050790 0.983070
10.290000 0.128007 0.098784 0.084897 0.121012 0.601258 0.050938 0.983021
10.320000 0.127433 0.098752 0.085144 0.120839 0.601889 0.051087 0.982971
10.350000 0.126862 0.098720 0.085391 0.120665 0.602518 0.051235 0.982922
10.380000 0.126293 0.098687 0.085638 0.120491 0.603146 0.051383 0.982872
10.410000 0.125728 0.098654 0.085885 0.120317 0.603771 0.051531 0.982823
10.440000 0.125164 0.098620 0.086131 0.120142 0.604395 0.051679 0.982774
10.470000 0.124604 0.098586 0.086378 0.119966 0.605017 0.051827 0.982724
10.500000 0.124046 0.098551 0.086624 0.119791 0.605637 0.051975 0.982675
10.530000 0.123490 0.098517 0.086871 0.119615 0.606256 0.052122 0.982626
10.560000 0.122937 0.098481 0.087117 0.119438 0.606873 0.052270 0.982577
10.590000 0.122387 0.098446 0.087363 0.119262 0.607488 0.052418 0.982527
10.620000 0.121839 0.098410 0.087609 0.119085 0.608101 0.052566 0.982478
10.650000 0.121294 0.098373 0.087855 0.118907 0.608713 0.052713 0.982429
10.680000 0.120751 0.098337 0.088101 0.118730 0.609322 0.052861 0.982380
10.710000 0.120210 0.098299 0.088347 0.118551 0.609931 0.053008 0.982331
10.740000 0.119672 0.098262 0.088593 0.118373 0.610537 0.053156 0.982281
10.770000 0.119137 0.098224 0.088838 0.118194 0.611142 0.053303 0.982232
10.800000 0.118604 0.098186 0.089084 0.118015 0.611745 0.053450 0.982183
10.830000 0.118074 0.098147 0.089330 0.117836 0.612346 0.053598 0.982134
10.860000 0.117546 0.098108 0.089575 0.117656 0.612945 0.053745 0.982085
10.890000 0.117020 0.098068 0.089820 0.117476 0.613543 0.053892 0.982036
10.920000 0.116497 0.098029 0.090065 0.117296 0.614140 0.054039 0.981987
10.950000 0.115976 0.097988 0.090310 0.117115 0.614734 0.054186 0.981938
10.980000 0.115458 0.097948 0.090555 0.116934 0.615327 0.054333 0.981889
11.010000 0.114942 0.097907 0.090800 0.116753 0.615918 0.054480 0.981840
11.040000 0.114428 0.097865 0.091045 0.116572 0.616508 0.054627 0.981791
11.070000 0.113917 0.097824 0.091290 0.116390 0.617096 0.054774 0.981742
11.100000 0.113408 0.097782 0.091534 0.116208 0.617682 0.054921 0.981693
11.130000 0.112901 0.097739 0.091779 0.116026 0.618267 0.055067 0.981644
11.160000 0.112397 0.097696 0.092023 0.115843 0.618850 0.055214 0.981595
11.190000 0.111895 0.097653 0.092267 0.115660 0.619431 0.055360 0.981547
11.220000 0.111395 0.097609 0.092511 0.115477 0.620011 0.055507 0.981498
11.250000 0.110898 0.097565 0.092755 0.115294 0.620589 0.055653 0.981449
11.280000 0.110403 0.097521 0.092999 0.115110 0.621166 0.055800 0.981400
11.310000 0.109910 0.097476 0.093243 0.114927 0.621741 0.055946 0.981351
11.340000 0.109420 0.097431 0.093487 0.114743 0.622314 0.056092 0.981303
11.370000 0.108932 0.097386 0.093730 0.114558 0.622886 0.056238 0.981254
11.400000 0.108446 0.097340 0.093974 0.114374 0.623456 0.056384 0.981205
11.430000 0.107962 0.097293 0.094217 0.114189 0.624025 0.056530 0.981157
11.460000 0.107481 0.097247 0.094460 0.114004 0.624592 0.056676 0.981108
11.490000 0.107002 0.097200 0.094704 0.113819 0.625158 0.056822 0.981059
11.520000 0.106525 0.097153 0.094947 0.113633 0.625722 0.056968 0.981011
11.550000 0.106050 0.097105 0.095189 0.113448 0.626284 0.057114 0.980962
11.580000 0.105577 0.097057 0.095432 0.113262 0.626845 0.057259 0.980914
11.610000 0.105107 0.097008 0.095675 0.113076 0.627405 0.057405 0.980865
11.640000 0.104638 0.096959 0.095917 0.112889 0.627962 0.057550 0.980817
11.670000 0.104172 0.096910 0.096160 0.112703 0.628519 0.057696 0.980768
11.700000 0.103708 0.096861 0.096402 0.112516 0.629073 0.057841 0.980720
11.730000 0.103247 0.096811 0.096644 0.112329 0.629627 0.057987 0.980671
11.760000 0.102787 0.096761 0.096886 0.112142 0.630179 0.058132 0.980623
11.790000 0.102329 0.096710 0.097128 0.111955 0.630729 0.058277 0.980574
11.820000 0.101874 0.096659 0.097370 0.111768 0.631278 0.058422 0.980526
11.850000 0.101421 0.096608 0.097612 0.111580 0.631825 0.058567 0.980478
11.880000 0.100969 0.096556 0.097853 0.111392 0.632371 0.058712 0.980429
11.910000 0.100520 0.096504 0.098094 0.111204 0.632915 0.058857 0.980381
11.940000 0.100073 0.096452 0.098336 0.111016 0.633458 0.059001 0.980333
11.970000 0.099628 0.096399 0.098577 0.110828 0.633999 0.059146 0.980285
12.000000 0.099185 0.096346 0.098818 0.110639 0.634539 0.059291 0.980236
12.030000 0.098744 0.096292 0.099059 0.110451 0.635077 0.059435 0.980188
12.060000 0.098305 0.096238 0.099299 0.110262 0.635614 0.059580 0.980140
12.090000 0.097869 0.096184 0.099540 0.110073 0.636150 0.059724 0.980092
12.120000 0.097434 0.096130 0.099781 0.109884 0.636684 0.059868 0.980044
12.150000 0.097001 0.096075 0.100021 0.109695 0.637217 0.060012 0.979996
12.180000 0.096570 0.096020 0.100261 0.109506 0.637748 0.060157 0.979948
12.210000 0.096141 0.095964 0.100501 0.109316 0.638277 0.060301 0.979900
12.240000 0.095715 0.095908 0.100741 0.109127 0.638806 0.060445 0.979852
12.270000 0.095290 0.095852 0.100981 0.108937 0.639333 0.060588 0.979804
12.300000 0.094867 0.095795 0.101220 0.108747 0.639858 0.060732 0.979756
12.330000 0.094446 0.095738 0.101460 0.108557 0.640382 0.060876 0.979708
12.360000 0.094027 0.095681 0.101699 0.108367 0.640905 0.061020 0.979660
12.390000 0.093610 0.095623 0.101938 0.108177 0.641426 0.061163 0.979612
12.420000 0.093195 0.095566 0.102177 0.107987 0.641946 0.061306 0.979565
12.450000 0.092782 0.095507 0.102416 0.107797 0.642465 0.061450 0.979517
12.480000 0.092370 0.095449 0.102655 0.107606 0.642982 0.061593 0.979469
12.510000 0.091961 0.095390 0.102894 0.107416 0.643498 0.061736 0.979421
12.540000 0.091554 0.095330 0.103132 0.107225 0.644012 0.061879 0.979374
12.570000 0.091148 0.095271 0.103371 0.107034 0.644525 0.062022 0.979326
12.600000 0.090744 0.095211 0.103609 0.106843 0.645036 0.062165 0.979278
12.630000 0.090343 0.095150 0.103847 0.106652 0.645547 0.062308 0.979231
12.660000 0.089943 0.095090 0.104085 0.106461 0.646056 0.062451 0.979183
12.690000 0.089544 0.095029 0.104322 0.106270 0.646563 0.062593 0.979136
12.720000 0.089148 0.094967 0.104560 0.106079 0.647069 0.062736 0.979088
12.750000 0.088754 0.094906 0.104797 0.105888 0.647574 0.062878 0.979041
12.780000 0.088361 0.094844 0.105035 0.105696 0.648078 0.063021 0.978993
12.810000 0.087970 0.094782 0.105272 0.105505 0.648580 0.063163 0.978946
12.840000 0.087581 0.094719 0.105509 0.105314 0.649081 0.063305 0.978898
12.870000 0.087194 0.094656 0.105745 0.105122 0.649580 0.063447 0.978851
12.900000 0.086809 0.094593 0.105982 0.104931 0.650079 0.063589 0.978804
12.930000 0.086425 0.094529 0.106219 0.104739 0.650576 0.063731 0.978756
12.960000 0.086043 0.094465 0.106455 0.104547 0.651071 0.063873 0.978709
12.990000 0.085663 0.094401 0.106691 0.104356 0.651565 0.064015 0.978662
13.020000 0.085285 0.094337 0.106927 0.104164 0.652058 0.064156 0.978615
13.050000 0.084908 0.094272 0.107163 0.103972 0.652550 0.064298 0.978567
13.080000 0.084534 0.094206 0.107399 0.103780 0.653041 0.064439 0.978520
13.110000 0.084161 0.094141 0.107634 0.103588 0.653530 0.064580 0.978473
13.140000 0.083789 0.094075 0.107869 0.103396 0.654017 0.064722 0.978426
13.170000 0.083420 0.094009 0.108105 0.103204 0.654504 0.064863 0.978379
13.200000 0.083052 0.093943 0.108340 0.103012 0.654989 0.065004 0.978332
13.230000 0.082686 0.093876 0.108575 0.102820 0.655473 0.065145 0.978285
13.260000 0.082321 0.093809 0.108809 0.102628 0.655956 0.065286 0.978238
13.290000 0.081958 0.093742 0.109044 0.102436 0.656438 0.065426 0.978191
13.320000 0.081597 0.093674 0.109278 0.102244 0.656918 0.065567 0.978144
13.350000 0.081238 0.093606 0.109512 0.102052 0.657397 0.065707 0.978098
13.380000 0.080880 0.093538 0.109746 0.101860 0.657874 0.065848 0.978051
13.410000 0.080524 0.093469 0.109980 0.101668 0.658351 0.065988 0.978004
13.440000 0.080169 0.093400 0.110214 0.101476 0.658826 0.066128 0.977957
13.470000 0.079817 0.093331 0.110447 0.101284 0.659300 0.066268 0.977911
13.500000 0.079465 0.093262 0.110681 0.101092 0.659773 0.066408 0.977864
13.530000 0.079116 0.093192 0.110914 0.100900 0.660245 0.066548 0.977817
13.560000 0.078768 0.093122 0.111147 0.100707 0.660715 0.066688 0.977771
13.590000 0.078422 0.093051 0.111380 0.100515 0.661184 0.066828 0.977724
13.620000 0.078077 0.092981 0.111612 0.100323 0.661652 0.066967 0.977678
13.650000 0.077734 0.092910 0.111845 0.100131 0.662119 0.067107 0.977631
13.680000 0.077392 0.092839 0.112077 0.099939 0.662584 0.067246 0.977585
13.710000 0.077052 0.092767 0.112309 0.099747 0.663048 0.067385 0.977538
13.740000 0.076714 0.092695 0.112541 0.099555 0.663511 0.067525 0.977492
13.770000 0.076377 0.092623 0.112773 0.099363 0.663973 0.067664 0.977445
13.800000 0.076042 0.092551 0.113004 0.099171 0.664434 0.067803 0.977399
13.830000 0.075708 0.092478 0.113236 0.098979 0.664893 0.067941 0.977353
13.860000 0.075376 0.092405 0.113467 0.098787 0.665352 0.068080 0.977307
13.890000 0.075045 0.092332 0.113698 0.098595 0.665809 0.068219 0.977260
13.920000 0.074716 0.092258 0.113929 0.098404 0.666265 0.068357 0.977214
13.950000 0.074389 0.092184 0.114159 0.098212 0.666720 0.068496 0.977168
13.980000 0.074063 0.092110 0.114390 0.098020 0.667173 0.068634 0.977122
14.010000 0.073738 0.092036 0.114620 0.097828 0.667626 0.068772 0.977076
14.040000 0.073415 0.091961 0.114850 0.097636 0.668077 0.068910 0.977030
14.070000 0.073094 0.091886 0.115080 0.097445 0.668527 0.069048 0.976984
14.100000 0.072774 0.091811 0.115310 0.097253 0.668976 0.069186 0.976938
14.130000 0.072455 0.091736 0.115539 0.097062 0.669424 0.069324 0.976892
14.160000 0.072138 0.091660 0.115769 0.096870 0.669871 0.069461 0.976846
14.190000 0.071822 0.091584 0.115998 0.096679 0.670316 0.069599 0.976800
14.220000 0.071508 0.091507 0.116227 0.096487 0.670761 0.069736 0.976755
14.250000 0.071196 0.091431 0.116456 0.096296 0.671204 0.069873 0.976709
14.280000 0.070884 0.091354 0.116684 0.096105 0.671646 0.070010 0.976663
14.310000 0.070575 0.091277 0.116912 0.095914 0.672087 0.070147 0.976618
14.340000 0.070266 0.091200 0.117141 0.095723 0.672527 0.070284 0.976572
14.370000 0.069959 0.091122 0.117369 0.095532 0.672966 0.070421 0.976526
14.400000 0.069654 0.091044 0.117596 0.095341 0.673404 0.070558 0.976481
14.430000 0.069350 0.090966 0.117824 0.095150 0.673840 0.070694 0.976435
14.460000 0.069047 0.090888 0.118052 0.094959 0.674276 0.070831 0.976390
14.490000 0.068746 0.090809 0.118279 0.094768 0.674710 0.070967 0.976344
14.520000 0.068446 0.090730 0.118506 0.094577 0.675143 0.071103 0.976299
14.550000 0.068147 0.090651 0.118733 0.094387 0.675575 0.071240 0.976253
14.580000 0.067850 0.090571 0.118959 0.094196 0.676007 0.071376 0.976208
14.610000 0.067555 0.090492 0.119186 0.094006 0.676436 0.071511 0.976163
14.640000 0.067260 0.090412 0.119412 0.093816 0.676865 0.071647 0.976118
14.670000 0.066967 0.090331 0.119638 0.093625 0.677293 0.071783 0.976072
14.700000 0.066676 0.090251 0.119864 0.093435 0.677720 0.071918 0.976027
14.730000 0.066385 0.090170 0.120089 0.093245 0.678146 0.072054 0.975982
14.760000 0.066096 0.090089 0.120315 0.093055 0.678570 0.072189 0.975937
14.790000 0.065809 0.090008 0.120540 0.092865 0.678994 0.072324 0.975892
14.820000 0.065522 0.089927 0.120765 0.092676 0.679416 0.072459 0.975847
14.850000 0.065238 0.089845 0.120990 0.092486 0.679838 0.072594 0.975802
14.880000 0.064954 0.089763 0.121214 0.092297 0.680258 0.072729 0.975757
14.910000 0.064672 0.089681 0.121439 0.092107 0.680677 0.072863 0.975712
14.940000 0.064391 0.089599 0.121663 0.091918 0.681095 0.072998 0.975667
14.970000 0.064111 0.089516 0.121887 0.091729 0.681512 0.073132 0.975623
15.000000 0.063832 0.089433 0.122111 0.091539 0.681929 0.073267 0.975578
15.030000 0.063555 0.089350 0.122334 0.091350 0.682344 0.073401 0.975533
15.060000 0.063279 0.089267 0.122558 0.091162 0.682758 0.073535 0.975488
15.090000 0.063005 0.089183 0.122781 0.090973 0.683171 0.073669 0.975444
15.120000 0.062732 0.089099 0.123004 0.090784 0.683583 0.073802 0.975399
15.150000 0.062460 0.089015 0.123227 0.090596 0.683994 0.073936 0.975355
15.180000 0.062189 0.088931 0.123449 0.090407 0.684404 0.074070 0.975310
15.210000 0.061919 0.088846 0.123672 0.090219 0.684812 0.074203 0.975266
15.240000 0.061651 0.088762 0.123894 0.090031 0.685220 0.074336 0.975221
15.270000 0.061384 0.088677 0.124116 0.089843 0.685627 0.074469 0.975177
15.300000 0.061118 0.088591 0.124337 0.089655 0.686033 0.074602 0.975133
15.330000 0.060854 0.088506 0.124559 0.089467 0.686438 0.074735 0.975088
15.360000 0.060590 0.088420 0.124780 0.089280 0.686842 0.074868 0.975044
15.390000 0.060328 0.088335 0.125001 0.089092 0.687245 0.075001 0.975000
15.420000 0.060067 0.088249 0.125222 0.088905 0.687646 0.075133 0.974956
15.450000 0.059807 0.088162 0.125442 0.088718 0.688047 0.075265 0.974912
15.480000 0.059549 0.088076 0.125663 0.088531 0.688447 0.075398 0.974867
15.510000 0.059292 0.087989 0.125883 0.088344 0.688846 0.075530 0.974823
15.540000 0.059035 0.087902 0.126103 0.088157 0.689244 0.075662 0.974779
15.570000 0.058781 0.087815 0.126323 0.087970 0.689641 0.075794 0.974735
15.600000 0.058527 0.087728 0.126542 0.087784 0.690036 0.075925 0.974692
15.630000 0.058274 0.087640 0.126762 0.087597 0.690431 0.076057 0.974648
15.660000 0.058023 0.087552 0.126981 0.087411 0.690825 0.076188 0.974604
15.690000 0.057772 0.087464 0.127200 0.087225 0.691218 0.076320 0.974560
15.720000 0.057523 0.087376 0.127418 0.087039 0.691610 0.076451 0.974516
15.750000 0.057275 0.087288 0.127637 0.086854 0.692001 0.076582 0.974473
15.780000 0.057029 0.087199 0.127855 0.086668 0.692391 0.076713 0.974429
15.810000 0.056783 0.087110 0.128073 0.086483 0.692780 0.076844 0.974385
15.840000 0.056538 0.087021 0.128291 0.086297 0.693168 0.076974 0.974342
15.870000 0.056295 0.086932 0.128508 0.086112 0.693556 0.077105 0.974298
15.900000 0.056053 0.086843 0.128726 0.085927 0.693942 0.077235 0.974255
15.930000 0.055811 0.086753 0.128943 0.085743 0.694327 0.077366 0.974211
15.960000 0.055571 0.086663 0.129160 0.085558 0.694711 0.077496 0.974168
15.990000 0.055332 0.086573 0.129376 0.085374 0.695095 0.077626 0.974125
16.020000 0.055095 0.086483 0.129593 0.085189 0.695477 0.077756 0.974081
16.050000 0.054858 0.086393 0.129809 0.085005 0.695859 0.077885 0.974038
16.080000 0.054622 0.086302 0.130025 0.084821 0.696239 0.078015 0.973995
16.110000 0.054388 0.086212 0.130241 0.084637 0.696619 0.078144 0.973952
16.140000 0.054154 0.086121 0.130456 0.084454 0.696998 0.078274 0.973909
16.170000 0.053922 0.086030 0.130671 0.084271 0.697375 0.078403 0.973866
16.200000 0.053690 0.085938 0.130887 0.084087 0.697752 0.078532 0.973823
16.230000 0.053460 0.085847 0.131101 0.083904 0.698128 0.078661 0.973780
16.260000 0.053231 0.085755 0.131316 0.083721 0.698503 0.078790 0.973737
16.290000 0.053003 0.085663 0.131530 0.083539 0.698877 0.078918 0.973694
16.320000 0.052776 0.085571 0.131745 0.083356 0.699250 0.079047 0.973651
16.350000 0.052549 0.085479 0.131959 0.083174 0.699623 0.079175 0.973608
16.380000 0.052324 0.085387 0.132172 0.082992 0.699994 0.079303 0.973566
16.410000 0.052100 0.085294 0.132386 0.082810 0.700364 0.079431 0.973523
16.440000 0.051878 0.085201 0.132599 0.082628 0.700734 0.079559 0.973480
16.470000 0.051656 0.085108 0.132812 0.082446 0.701103 0.079687 0.973438
16.500000 0.051435 0.085015 0.133025 0.082265 0.701470 0.079815 0.973395
16.530000 0.051215 0.084922 0.133237 0.082084 0.701837 0.079942 0.973353
16.560000 0.050996 0.084829 0.133450 0.081903 0.702203 0.080070 0.973310
16.590000 0.050778 0.084735 0.133662 0.081722 0.702568 0.080197 0.973268
16.620000 0.050561 0.084641 0.133873 0.081541 0.702932 0.080324 0.973225
16.650000 0.050345 0.084547 0.134085 0.081361 0.703296 0.080451 0.973183
16.680000 0.050130 0.084453 0.134296 0.081181 0.703658 0.080578 0.973141
16.710000 0.049916 0.084359 0.134508 0.081001 0.704020 0.080705 0.973098
16.740000 0.049704 0.084264 0.134718 0.080821 0.704380 0.080831 0.973056
16.770000 0.049492 0.084170 0.134929 0.080641 0.704740 0.080957 0.973014
16.800000 0.049281 0.084075 0.135140 0.080462 0.705099 0.081084 0.972972
16.830000 0.049071 0.083980 0.135350 0.080282 0.705457 0.081210 0.972930
16.860000 0.048862 0.083885 0.135560 0.080103 0.705814 0.081336 0.972888
16.890000 0.048654 0.083790 0.135769 0.079925 0.706170 0.081462 0.972846
16.920000 0.048446 0.083694 0.135979 0.079746 0.706526 0.081587 0.972804
16.950000 0.048240 0.083599 0.136188 0.079568 0.706880 0.081713 0.972762
16.980000 0.048035 0.083503 0.136397 0.079389 0.707234 0.081838 0.972721
17.010000 0.047831 0.083407 0.136606 0.079211 0.707587 0.081964 0.972679
17.040000 0.047628 0.083311 0.136814 0.079034 0.707939 0.082089 0.972637
17.070000 0.047425 0.083215 0.137023 0.078856 0.708290 0.082214 0.972595
17.100000 0.047224 0.083119 0.137231 0.078679 0.708640 0.082338 0.972554
17.130000 0.047023 0.083023 0.137438 0.078501 0.708990 0.082463 0.972512
17.160000 0.046823 0.082926 0.137646 0.078325 0.709338 0.082588 0.972471
17.190000 0.046625 0.082829 0.137853 0.078148 0.709686 0.082712 0.972429
17.220000 0.046427 0.082732 0.138060 0.077971 0.710033 0.082836 0.972388
17.250000 0.046230 0.082635 0.138267 0.077795 0.710379 0.082960 0.972347
17.280000 0.046034 0.082538 0.138474 0.077619 0.710725 0.083084 0.972305
17.310000 0.045839 0.082441 0.138680 0.077443 0.711069 0.083208 0.972264
17.340000 0.045645 0.082343 0.138886 0.077267 0.711413 0.083332 0.972223
17.370000 0.045451 0.082246 0.139092 0.077092 0.711755 0.083455 0.972182
17.400000 0.045259 0.082148 0.139298 0.076917 0.712097 0.083579 0.972140
17.430000 0.045067 0.082050 0.139503 0.076742 0.712439 0.083702 0.972099
17.460000 0.044877 0.081952 0.139708 0.076567 0.712779 0.083825 0.972058
17.490000 0.044687 0.081854 0.139913 0.076392 0.713118 0.083948 0.972017
17.520000 0.044498 0.081756 0.140118 0.076218 0.713457 0.084071 0.971976
17.550000 0.044310 0.081658 0.140322 0.076044 0.713795 0.084193 0.971936
17.580000 0.044123 0.081559 0.140526 0.075870 0.714132 0.084316 0.971895
17.610000 0.043936 0.081460 0.140730 0.075697 0.714468 0.084438 0.971854
17.640000 0.043751 0.081362 0.140934 0.075523 0.714804 0.084560 0.971813
17.670000 0.043566 0.081263 0.141137 0.075350 0.715138 0.084682 0.971773
17.700000 0.043383 0.081164 0.141340 0.075177 0.715472 0.084804 0.971732
17.730000 0.043200 0.081065 0.141543 0.075004 0.715805 0.084926 0.971691
17.760000 0.043017 0.080965 0.141746 0.074832 0.716138 0.085048 0.971651
17.790000 0.042836 0.080866 0.141948 0.074660 0.716469 0.085169 0.971610
17.820000 0.042656 0.080767 0.142151 0.074488 0.716800 0.085290 0.971570
17.850000 0.042476 0.080667 0.142352 0.074316 0.717130 0.085411 0.971530
17.880000 0.042297 0.080567 0.142554 0.074144 0.717459 0.085532 0.971489
17.910000 0.042119 0.080467 0.142756 0.073973 0.717787 0.085653 0.971449
17.940000 0.041942 0.080368 0.142957 0.073802 0.718115 0.085774 0.971409
17.970000 0.041766 0.080267 0.143158 0.073631 0.718441 0.085895 0.971368
18.000000 0.041590 0.080167 0.143358 0.073460 0.718767 0.086015 0.971328
18.030000 0.041415 0.080067 0.143559 0.073290 0.719092 0.086135 0.971288
18.060000 0.041241 0.079967 0.143759 0.073120 0.719417 0.086255 0.971248
18.090000 0.041068 0.079866 0.143959 0.072950 0.719741 0.086375 0.971208
18.120000 0.040896 0.079765 0.144158 0.072780 0.720063 0.086495 0.971168
18.150000 0.040724 0.079665 0.144358 0.072611 0.720386 0.086615 0.971128
18.180000 0.040553 0.079564 0.144557 0.072442 0.720707 0.086734 0.971089
18.210000 0.040383 0.079463 0.144756 0.072273 0.721027 0.086854 0.971049
18.240000 0.040214 0.079362 0.144955 0.072104 0.721347 0.086973 0.971009
18.270000 0.040045 0.079261 0.145153 0.071936 0.721666 0.087092 0.970969
18.300000 0.039878 0.079160 0.145351 0.071768 0.721985 0.087211 0.970930
18.330000 0.039711 0.079058 0.145549 0.071600 0.722302 0.087329 0.970890
18.360000 0.039544 0.078957 0.145747 0.071432 0.722619 0.087448 0.970851
18.390000 0.039379 0.078855 0.145944 0.071264 0.722935 0.087566 0.970811
18.420000 0.039214 0.078754 0.146141 0.071097 0.723250 0.087685 0.970772
18.450000 0.039050 0.078652 0.146338 0.070930 0.723565 0.087803 0.970732
18.480000 0.038887 0.078550 0.146535 0.070764 0.723878 0.087921 0.970693
18.510000 0.038725 0.078448 0.146731 0.070597 0.724192 0.088039 0.970654
18.540000 0.038563 0.078346 0.146927 0.070431 0.724504 0.088156 0.970615
18.570000 0.038402 0.078244 0.147123 0.070265 0.724815 0.088274 0.970575
18.600000 0.038242 0.078142 0.147319 0.070099 0.725126 0.088391 0.970536
18.630000 0.038082 0.078040 0.147514 0.069934 0.725436 0.088508 0.970497
18.660000 0.037923 0.077937 0.147709 0.069768 0.725746 0.088626 0.970458
18.690000 0.037765 0.077835 0.147904 0.069603 0.726054 0.088742 0.970419
18.720000 0.037608 0.077732 0.148099 0.069439 0.726362 0.088859 0.970380
18.750000 0.037451 0.077630 0.148293 0.069274 0.726669 0.088976 0.970341
18.780000 0.037295 0.077527 0.148487 0.069110 0.726976 0.089092 0.970303
18.810000 0.037140 0.077424 0.148681 0.068946 0.727281 0.089209 0.970264
18.840000 0.036985 0.077321 0.148874 0.068782 0.727586 0.089325 0.970225
18.870000 0.036831 0.077218 0.149068 0.068619 0.727891 0.089441 0.970186
18.900000 0.036678 0.077115 0.149261 0.068456 0.728194 0.089556 0.970148
18.930000 0.036526 0.077012 0.149454 0.068293 0.728497 0.089672 0.970109
18.960000 0.036374 0.076909 0.149646 0.068130 0.728799 0.089788 0.970071
18.990000 0.036223 0.076806 0.149838 0.067968 0.729100 0.089903 0.970032
19.020000 0.036072 0.076703 0.150030 0.067806 0.729401 0.090018 0.969994
19.050000 0.035923 0.076599 0.150222 0.067644 0.729701 0.090133 0.969956
19.080000 0.035774 0.076496 0.150414 0.067482 0.730000 0.090248 0.969917
19.110000 0.035625 0.076392 0.150605 0.067321 0.730299 0.090363 0.969879
19.140000 0.035478 0.076289 0.150796 0.067159 0.730597 0.090478 0.969841
19.170000 0.035331 0.076185 0.150987 0.066999 0.730894 0.090592 0.969803
19.200000 0.035184 0.076081 0.151177 0.066838 0.731190 0.090706 0.969765
19.230000 0.035039 0.075977 0.151367 0.066678 0.731486 0.090820 0.969727
19.260000 0.034893 0.075873 0.151557 0.066517 0.731781 0.090934 0.969689
19.290000 0.034749 0.075770 0.151747 0.066358 0.732076 0.091048 0.969651
19.320000 0.034605 0.075666 0.151936 0.066198 0.732369 0.091162 0.969613
19.350000 0.034462 0.075561 0.152125 0.066039 0.732662 0.091275 0.969575
19.380000 0.034320 0.075457 0.152314 0.065880 0.732955 0.091389 0.969537
19.410000 0.034178 0.075353 0.152503 0.065721 0.733246 0.091502 0.969499
19.440000 0.034037 0.075249 0.152691 0.065562 0.733537 0.091615 0.969462
19.470000 0.033896 0.075145 0.152879 0.065404 0.733827 0.091728 0.969424
19.500000 0.033756 0.075040 0.153067 0.065246 0.734117 0.091840 0.969387
19.530000 0.033617 0.074936 0.153255 0.065088 0.734406 0.091953 0.969349
19.560000 0.033479 0.074831 0.153442 0.064931 0.734694 0.092065 0.969312
19.590000 0.033341 0.074727 0.153629 0.064774 0.734981 0.092178 0.969274
19.620000 0.033203 0.074622 0.153816 0.064617 0.735268 0.092290 0.969237
19.650000 0.033066 0.074518 0.154003 0.064460 0.735554 0.092402 0.969199
19.680000 0.032930 0.074413 0.154189 0.064304 0.735840 0.092513 0.969162
19.710000 0.032795 0.074308 0.154375 0.064147 0.736125 0.092625 0.969125
19.740000 0.032660 0.074203 0.154561 0.063992 0.736409 0.092737 0.969088
19.770000 0.032525 0.074099 0.154746 0.063836 0.736692 0.092848 0.969051
19.800000 0.032392 0.073994 0.154932 0.063681 0.736975 0.092959 0.969014
19.830000 0.032259 0.073889 0.155117 0.063525 0.737257 0.093070 0.968977
19.860000 0.032126 0.073784 0.155301 0.063371 0.737539 0.093181 0.968940
19.890000 0.031994 0.073679 0.155486 0.063216 0.737820 0.093291 0.968903
19.920000 0.031863 0.073574 0.155670 0.063062 0.738100 0.093402 0.968866
19.950000 0.031732 0.073469 0.155854 0.062908 0.738379 0.093512 0.968829
19.980000 0.031602 0.073363 0.156038 0.062754 0.738658 0.093623 0.968792
20.010000 0.031472 0.073258 0.156221 0.062601 0.738936 0.093733 0.968756
20.040000 0.031343 0.073153 0.156404 0.062447 0.739214 0.093842 0.968719
20.070000 0.031215 0.073048 0.156587 0.062294 0.739491 0.093952 0.968683
20.100000 0.031087 0.072942 0.156770 0.062142 0.739767 0.094062 0.968646
20.130000 0.030960 0.072837 0.156952 0.061989 0.740043 0.094171 0.968610
20.160000 0.030833 0.072732 0.157134 0.061837 0.740318 0.094280 0.968573
20.190000 0.030707 0.072626 0.157316 0.061685 0.740592 0.094390 0.968537
20.220000 0.030581 0.072521 0.157497 0.061534 0.740866 0.094498 0.968501
20.250000 0.030456 0.072415 0.157679 0.061382 0.741139 0.094607 0.968464
20.280000 0.030332 0.072310 0.157860 0.061231 0.741411 0.094716 0.968428
20.310000 0.030208 0.072204 0.158041 0.061080 0.741683 0.094824 0.968392
20.340000 0.030085 0.072099 0.158221 0.060930 0.741954 0.094933 0.968356
20.370000 0.029962 0.071993 0.158401 0.060780 0.742225 0.095041 0.968320
20.400000 0.029840 0.071887 0.158581 0.060630 0.742495 0.095149 0.968284
20.430000 0.029718 0.071782 0.158761 0.060480 0.742764 0.095257 0.968248
20.460000 0.029597 0.071676 0.158940 0.060331 0.743032 0.095364 0.968212
20.490000 0.029476 0.071570 0.159120 0.060181 0.743300 0.095472 0.968176
20.520000 0.029356 0.071465 0.159299 0.060032 0.743568 0.095579 0.968140
20.550000 0.029236 0.071359 0.159477 0.059884 0.743834 0.095686 0.968105
20.580000 0.029117 0.071253 0.159656 0.059735 0.744101 0.095793 0.968069
20.610000 0.028999 0.071147 0.159834 0.059587 0.744366 0.095900 0.968033
20.640000 0.028881 0.071041 0.160012 0.059440 0.744631 0.096007 0.967998
20.670000 0.028764 0.070936 0.160189 0.059292 0.744895 0.096114 0.967962
20.700000 0.028647 0.070830 0.160367 0.059145 0.745159 0.096220 0.967927
20.730000 0.028530 0.070724 0.160544 0.058998 0.745422 0.096326 0.967891
20.760000 0.028414 0.070618 0.160720 0.058851 0.745684 0.096432 0.967856
20.790000 0.028299 0.070512 0.160897 0.058705 0.745946 0.096538 0.967821
20.820000 0.028184 0.070406 0.161073 0.058558 0.746207 0.096644 0.967785
20.850000 0.028070 0.070300 0.161249 0.058413 0.746468 0.096750 0.967750
20.880000 0.027956 0.070194 0.161425 0.058267 0.746728 0.096855 0.967715
20.910000 0.027843 0.070088 0.161601 0.058121 0.746987 0.096960 0.967680
20.940000 0.027730 0.069982 0.161776 0.057976 0.747246 0.097065 0.967645
20.970000 0.027618 0.069876 0.161951 0.057832 0.747504 0.097170 0.967610
21.000000 0.027506 0.069770 0.162125 0.057687 0.747762 0.097275 0.967575
21.030000 0.027395 0.069664 0.162300 0.057543 0.748018 0.097380 0.967540
21.060000 0.027284 0.069558 0.162474 0.057399 0.748275 0.097484 0.967505
21.090000 0.027174 0.069452 0.162648 0.057255 0.748531 0.097589 0.967470
21.120000 0.027064 0.069346 0.162822 0.057112 0.748786 0.097693 0.967436
21.150000 0.026954 0.069240 0.162995 0.056968 0.749040 0.097797 0.967401
21.180000 0.026846 0.069134 0.163168 0.056825 0.749294 0.097901 0.967366
21.210000 0.026737 0.069028 0.163341 0.056683 0.749548 0.098005 0.967332
21.240000 0.026629 0.068922 0.163513 0.056540 0.749800 0.098108 0.967297
21.270000 0.026522 0.068816 0.163686 0.056398 0.750053 0.098211 0.967263
21.300000 0.026415 0.068710 0.163858 0.056257 0.750304 0.098315 0.967228
21.330000 0.026308 0.068604 0.164030 0.056115 0.750555 0.098418 0.967194
21.360000 0.026202 0.068498 0.164201 0.055974 0.750806 0.098521 0.967160
21.390000 0.026097 0.068392 0.164372 0.055833 0.751055 0.098623 0.967126
21.420000 0.025992 0.068285 0.164543 0.055692 0.751305 0.098726 0.967091
21.450000 0.025887 0.068179 0.164714 0.055552 0.751553 0.098828 0.967057
21.480000 0.025783 0.068073 0.164884 0.055411 0.751802 0.098931 0.967023
21.510000 0.025679 0.067967 0.165055 0.055271 0.752049 0.099033 0.966989
21.540000 0.025576 0.067861 0.165225 0.055132 0.752296 0.099135 0.966955
21.570000 0.025473 0.067755 0.165394 0.054992 0.752542 0.099237 0.966921
21.600000 0.025371 0.067649 0.165564 0.054853 0.752788 0.099338 0.966887
21.630000 0.025269 0.067543 0.165733 0.054715 0.753033 0.099440 0.966853
21.660000 0.025168 0.067437 0.165902 0.054576 0.753278 0.099541 0.966820
21.690000 0.025067 0.067331 0.166070 0.054438 0.753522 0.099642 0.966786
21.720000 0.024966 0.067225 0.166238 0.054300 0.753766 0.099743 0.966752
21.750000 0.024866 0.067119 0.166407 0.054162 0.754009 0.099844 0.966719
21.780000 0.024767 0.067013 0.166574 0.054025 0.754251 0.099945 0.966685
21.810000 0.024667 0.066907 0.166742 0.053887 0.754493 0.100045 0.966652
21.840000 0.024569 0.066801 0.166909 0.053751 0.754734 0.100145 0.966618
21.870000 0.024470 0.066695 0.167076 0.053614 0.754975 0.100246 0.966585
21.900000 0.024372 0.066589 0.167243 0.053478 0.755215 0.100346 0.966551
21.930000 0.024275 0.066483 0.167409 0.053341 0.755455 0.100446 0.966518
21.960000 0.024178 0.066377 0.167576 0.053206 0.755694 0.100545 0.966485
21.990000 0.024081 0.066271 0.167742 0.053070 0.755932 0.100645 0.966452
22.020000 0.023985 0.066166 0.167907 0.052935 0.756170 0.100744 0.966419
22.050000 0.023889 0.066060 0.168073 0.052800 0.756407 0.100844 0.966385
22.080000 0.023794 0.065954 0.168238 0.052665 0.756644 0.100943 0.966352
22.110000 0.023699 0.065848 0.168403 0.052531 0.756881 0.101042 0.966319
22.140000 0.023605 0.065742 0.168567 0.052396 0.757116 0.101140 0.966287
22.170000 0.023511 0.065636 0.168732 0.052263 0.757351 0.101239 0.966254
22.200000 0.023417 0.065531 0.168896 0.052129 0.757586 0.101337 0.966221
22.230000 0.023324 0.065425 0.169060 0.051996 0.757820 0.101436 0.966188
22.260000 0.023231 0.065319 0.169223 0.051862 0.758054 0.101534 0.966155
22.290000 0.023138 0.065214 0.169386 0.051730 0.758287 0.101632 0.966123
22.320000 0.023046 0.065108 0.169549 0.051597 0.758519 0.101730 0.966090
22.350000 0.022955 0.065002 0.169712 0.051465 0.758751 0.101827 0.966058
22.380000 0.022863 0.064897 0.169875 0.051333 0.758982 0.101925 0.966025
22.410000 0.022773 0.064791 0.170037 0.051201 0.759213 0.102022 0.965993
22.440000 0.022682 0.064686 0.170199 0.051070 0.759443 0.102119 0.965960
22.470000 0.022592 0.064580 0.170361 0.050938 0.759673 0.102216 0.965928
22.500000 0.022502 0.064474 0.170522 0.050807 0.759902 0.102313 0.965896
22.530000 0.022413 0.064369 0.170683 0.050677 0.760131 0.102410 0.965863
22.560000 0.022324 0.064264 0.170844 0.050546 0.760359 0.102507 0.965831
22.590000 0.022236 0.064158 0.171005 0.050416 0.760587 0.102603 0.965799
22.620000 0.022148 0.064053 0.171165 0.050286 0.760814 0.102699 0.965767
22.650000 0.022060 0.063947 0.171325 0.050157 0.761041 0.102795 0.965735
22.680000 0.021973 0.063842 0.171485 0.050027 0.761267 0.102891 0.965703
22.710000 0.021886 0.063737 0.171645 0.049898 0.761492 0.102987 0.965671
22.740000 0.021799 0.063632 0.171804 0.049770 0.761717 0.103083 0.965639
22.770000 0.021713 0.063526 0.171963 0.049641 0.761942 0.103178 0.965607
22.800000 0.021627 0.063421 0.172122 0.049513 0.762166 0.103273 0.965576
22.830000 0.021542 0.063316 0.172281 0.049385 0.762389 0.103368 0.965544
22.860000 0.021456 0.063211 0.172439 0.049257 0.762612 0.103463 0.965512
22.890000 0.021372 0.063106 0.172597 0.049130 0.762834 0.103558 0.965481
22.920000 0.021287 0.063001 0.172755 0.049003 0.763056 0.103653 0.965449
22.950000 0.021203 0.062896 0.172912 0.048876 0.763278 0.103747 0.965418
22.980000 0.021120 0.062791 0.173069 0.048749 0.763498 0.103842 0.965386
23.010000 0.021037 0.062686 0.173226 0.048623 0.763719 0.103936 0.965355
23.040000 0.020954 0.062581 0.173383 0.048497 0.763939 0.104030 0.965323
23.070000 0.020871 0.062476 0.173540 0.048371 0.764158 0.104124 0.965292
23.100000 0.020789 0.062371 0.173696 0.048245 0.764377 0.104217 0.965261
23.130000 0.020707 0.062267 0.173852 0.048120 0.764595 0.104311 0.965230
23.160000 0.020626 0.062162 0.174007 0.047995 0.764813 0.104404 0.965199
23.190000 0.020545 0.062057 0.174163 0.047870 0.765030 0.104498 0.965167
23.220000 0.020464 0.061953 0.174318 0.047746 0.765247 0.104591 0.965136
23.250000 0.020383 0.061848 0.174473 0.047622 0.765463 0.104684 0.965105
23.280000 0.020303 0.061744 0.174627 0.047498 0.765679 0.104776 0.965075
23.310000 0.020224 0.061639 0.174782 0.047374 0.765894 0.104869 0.965044
23.340000 0.020144 0.061535 0.174936 0.047251 0.766109 0.104962 0.965013
23.370000 0.020065 0.061430 0.175090 0.047127 0.766323 0.105054 0.964982
23.400000 0.019987 0.061326 0.175243 0.047004 0.766537 0.105146 0.964951
23.430000 0.019908 0.061222 0.175397 0.046882 0.766750 0.105238 0.964921
23.460000 0.019830 0.061117 0.175550 0.046759 0.766963 0.105330 0.964890
23.490000 0.019753 0.061013 0.175702 0.046637 0.767175 0.105421 0.964860
23.520000 0.019675 0.060909 0.175855 0.046516 0.767387 0.105513 0.964829
23.550000 0.019598 0.060805 0.176007 0.046394 0.767598 0.105604 0.964799
23.580000 0.019522 0.060701 0.176159 0.046273 0.767809 0.105696 0.964768
23.610000 0.019445 0.060597 0.176311 0.046152 0.768020 0.105787 0.964738
23.640000 0.019369 0.060493 0.176463 0.046031 0.768229 0.105878 0.964707
23.670000 0.019293 0.060389 0.176614 0.045910 0.768439 0.105968 0.964677
23.700000 0.019218 0.060285 0.176765 0.045790 0.768648 0.106059 0.964647
23.730000 0.019143 0.060182 0.176915 0.045670 0.768856 0.106149 0.964617
23.760000 0.019068 0.060078 0.177066 0.045550 0.769064 0.106240 0.964587
23.790000 0.018994 0.059974 0.177216 0.045431 0.769271 0.106330 0.964557
23.820000 0.018920 0.059871 0.177366 0.045312 0.769478 0.106420 0.964527
23.850000 0.018846 0.059767 0.177516 0.045193 0.769685 0.106509 0.964497
23.880000 0.018773 0.059664 0.177665 0.045074 0.769891 0.106599 0.964467
23.910000 0.018700 0.059560 0.177814 0.044956 0.770096 0.106689 0.964437
23.940000 0.018627 0.059457 0.177963 0.044837 0.770301 0.106778 0.964407
23.970000 0.018554 0.059353 0.178112 0.044720 0.770506 0.106867 0.964378
24.000000 0.018482 0.059250 0.178260 0.044602 0.770710 0.106956 0.964348
24.030000 0.018410 0.059147 0.178408 0.044485 0.770913 0.107045 0.964318
24.060000 0.018339 0.059044 0.178556 0.044367 0.771116 0.107134 0.964289
24.090000 0.018267 0.058941 0.178704 0.044251 0.771319 0.107222 0.964259
24.120000 0.018197 0.058838 0.178851 0.044134 0.771521 0.107311 0.964230
24.150000 0.018126 0.058735 0.178998 0.044018 0.771723 0.107399 0.964200
24.180000 0.018056 0.058632 0.179145 0.043902 0.771924 0.107487 0.964171
24.210000 0.017985 0.058529 0.179292 0.043786 0.772125 0.107575 0.964142
24.240000 0.017916 0.058426 0.179438 0.043670 0.772325 0.107663 0.964112
24.270000 0.017846 0.058324 0.179584 0.043555 0.772525 0.107750 0.964083
24.300000 0.017777 0.058221 0.179730 0.043440 0.772724 0.107838 0.964054
24.330000 0.017708 0.058118 0.179875 0.043325 0.772923 0.107925 0.964025
24.360000 0.017640 0.058016 0.180021 0.043210 0.773121 0.108012 0.963996
24.390000 0.017571 0.057914 0.180166 0.043096 0.773319 0.108099 0.963967
24.420000 0.017503 0.057811 0.180311 0.042982 0.773517 0.108186 0.963938
24.450000 0.017436 0.057709 0.180455 0.042868 0.773714 0.108273 0.963909
24.480000 0.017368 0.057607 0.180599 0.042755 0.773911 0.108360 0.963880
24.510000 0.017301 0.057504 0.180743 0.042642 0.774107 0.108446 0.963851
24.540000 0.017234 0.057402 0.180887 0.042529 0.774302 0.108532 0.963823
24.570000 0.017168 0.057300 0.181031 0.042416 0.774498 0.108618 0.963794
24.600000 0.017102 0.057198 0.181174 0.042303 0.774692 0.108704 0.963765
24.630000 0.017036 0.057097 0.181317 0.042191 0.774887 0.108790 0.963737
24.660000 0.016970 0.056995 0.181460 0.042079 0.775080 0.108876 0.963708
24.690000 0.016905 0.056893 0.181602 0.041967 0.775274 0.108961 0.963680
24.720000 0.016839 0.056791 0.181744 0.041856 0.775467 0.109047 0.963651
24.750000 0.016775 0.056690 0.181886 0.041745 0.775659 0.109132 0.963623
24.780000 0.016710 0.056588 0.182028 0.041634 0.775851 0.109217 0.963594
24.810000 0.016646 0.056487 0.182170 0.041523 0.776043 0.109302 0.963566
24.840000 0.016582 0.056385 0.182311 0.041413 0.776234 0.109386 0.963538
24.870000 0.016518 0.056284 0.182452 0.041302 0.776425 0.109471 0.963510
24.900000 0.016454 0.056183 0.182592 0.041192 0.776615 0.109555 0.963482
24.930000 0.016391 0.056082 0.182733 0.041083 0.776805 0.109640 0.963453
24.960000 0.016328 0.055981 0.182873 0.040973 0.776994 0.109724 0.963425
24.990000 0.016265 0.055880 0.183013 0.040864 0.777183 0.109808 0.963397
25.020000 0.016203 0.055779 0.183153 0.040755 0.777372 0.109892 0.963369
25.050000 0.016141 0.055678 0.183292 0.040646 0.777560 0.109975 0.963342
25.080000 0.016079 0.055577 0.183431 0.040538 0.777747 0.110059 0.963314
25.110000 0.016017 0.055476 0.183570 0.040430 0.777935 0.110142 0.963286
25.140000 0.015956 0.055376 0.183709 0.040322 0.778121 0.110225 0.963258
25.170000 0.015895 0.055275 0.183847 0.040214 0.778308 0.110308 0.963231
25.200000 0.015834 0.055175 0.183986 0.040107 0.778493 0.110391 0.963203
25.230000 0.015773 0.055074 0.184124 0.039999 0.778679 0.110474 0.963175
25.260000 0.015713 0.054974 0.184261 0.039892 0.778864 0.110557 0.963148
25.290000 0.015653 0.054874 0.184399 0.039786 0.779048 0.110639 0.963120
25.320000 0.015593 0.054774 0.184536 0.039679 0.779233 0.110722 0.963093
25.350000 0.015533 0.054674 0.184673 0.039573 0.779416 0.110804 0.963065
25.380000 0.015474 0.054574 0.184809 0.039467 0.779600 0.110886 0.963038
25.410000 0.015415 0.054474 0.184946 0.039361 0.779782 0.110968 0.963011
25.440000 0.015356 0.054374 0.185082 0.039256 0.779965 0.111049 0.962984
25.470000 0.015298 0.054274 0.185218 0.039151 0.780147 0.111131 0.962956
25.500000 0.015239 0.054175 0.185354 0.039046 0.780328 0.111212 0.962929
25.530000 0.015181 0.054075 0.185489 0.038941 0.780510 0.111293 0.962902
25.560000 0.015123 0.053976 0.185624 0.038836 0.780690 0.111375 0.962875
25.590000 0.015066 0.053876 0.185759 0.038732 0.780871 0.111456 0.962848
25.620000 0.015008 0.053777 0.185894 0.038628 0.781051 0.111536 0.962821
25.650000 0.014951 0.053678 0.186028 0.038524 0.781230 0.111617 0.962794
25.680000 0.014894 0.053578 0.186163 0.038421 0.781409 0.111698 0.962767
25.710000 0.014838 0.053479 0.186297 0.038317 0.781588 0.111778 0.962741
25.740000 0.014781 0.053380 0.186430 0.038214 0.781766 0.111858 0.962714
25.770000 0.014725 0.053282 0.186564 0.038112 0.781944 0.111938 0.962687
25.800000 0.014669 0.053183 0.186697 0.038009 0.782121 0.112018 0.962661
25.830000 0.014613 0.053084 0.186830 0.037907 0.782298 0.112098 0.962634
25.860000 0.014558 0.052985 0.186963 0.037805 0.782475 0.112178 0.962607
25.890000 0.014503 0.052887 0.187095 0.037703 0.782651 0.112257 0.962581
25.920000 0.014448 0.052788 0.187227 0.037601 0.782826 0.112336 0.962555
25.950000 0.014393 0.052690 0.187359 0.037500 0.783002 0.112416 0.962528
25.980000 0.014338 0.052592 0.187491 0.037399 0.783177 0.112495 0.962502
26.010000 0.014284 0.052494 0.187622 0.037298 0.783351 0.112573 0.962476
26.040000 0.014230 0.052396 0.187754 0.037197 0.783525 0.112652 0.962449
26.070000 0.014176 0.052298 0.187885 0.037097 0.783699 0.112731 0.962423
26.100000 0.014122 0.052200 0.188015 0.036996 0.783872 0.112809 0.962397
26.130000 0.014069 0.052102 0.188146 0.036897 0.784045 0.112888 0.962371
26.160000 0.014016 0.052004 0.188276 0.036797 0.784218 0.112966 0.962345
26.190000 0.013963 0.051907 0.188406 0.036697 0.784390 0.113044 0.962319
26.220000 0.013910 0.051809 0.188536 0.036598 0.784561 0.113122 0.962293
26.250000 0.013857 0.051712 0.188665 0.036499 0.784732 0.113199 0.962267
26.280000 0.013805 0.051614 0.188795 0.036400 0.784903 0.113277 0.962241
26.310000 0.013753 0.051517 0.188924 0.036302 0.785074 0.113354 0.962215
26.340000 0.013701 0.051420 0.189053 0.036204 0.785244 0.113432 0.962189
26.370000 0.013649 0.051323 0.189181 0.036106 0.785413 0.113509 0.962164
26.400000 0.013598 0.051226 0.189309 0.036008 0.785583 0.113586 0.962138
26.430000 0.013547 0.051129 0.189437 0.035910 0.785752 0.113662 0.962113
26.460000 0.013496 0.051032 0.189565 0.035813 0.785920 0.113739 0.962087
26.490000 0.013445 0.050935 0.189693 0.035716 0.786088 0.113816 0.962061
26.520000 0.013394 0.050839 0.189820 0.035619 0.786256 0.113892 0.962036
26.550000 0.013344 0.050742 0.189947 0.035522 0.786423 0.113968 0.962011
26.580000 0.013294 0.050646 0.190074 0.035426 0.786590 0.114045 0.961985
26.610000 0.013244 0.050550 0.190201 0.035330 0.786756 0.114120 0.961960
26.640000 0.013194 0.050453 0.190327 0.035234 0.786923 0.114196 0.961935
26.670000 0.013144 0.050357 0.190453 0.035138 0.787088 0.114272 0.961909
26.700000 0.013095 0.050261 0.190579 0.035043 0.787254 0.114348 0.961884
26.730000 0.013046 0.050165 0.190705 0.034947 0.787419 0.114423 0.961859
26.760000 0.012997 0.050070 0.190830 0.034852 0.787583 0.114498 0.961834
26.790000 0.012948 0.049974 0.190955 0.034757 0.787747 0.114573 0.961809
26.820000 0.012900 0.049878 0.191080 0.034663 0.787911 0.114648 0.961784
26.850000 0.012851 0.049783 0.191205 0.034569 0.788074 0.114723 0.961759
26.880000 0.012803 0.049687 0.191330 0.034474 0.788237 0.114798 0.961734
26.910000 0.012755 0.049592 0.191454 0.034381 0.788400 0.114872 0.961709
26.940000 0.012707 0.049497 0.191578 0.034287 0.788562 0.114947 0.961684
26.970000 0.012660 0.049402 0.191701 0.034193 0.788724 0.115021 0.961660
27.000000 0.012612 0.049307 0.191825 0.034100 0.788886 0.115095 0.961635
27.030000 0.012565 0.049212 0.191948 0.034007 0.789047 0.115169 0.961610
27.060000 0.012518 0.049117 0.192071 0.033915 0.789208 0.115243 0.961586
27.090000 0.012472 0.049022 0.192194 0.033822 0.789368 0.115316 0.961561
27.120000 0.012425 0.048927 0.192317 0.033730 0.789528 0.115390 0.961537
27.150000 0.012379 0.048833 0.192439 0.033638 0.789687 0.115463 0.961512
27.180000 0.012332 0.048739 0.192561 0.033546 0.789847 0.115537 0.961488
27.210000 0.012286 0.048644 0.192683 0.033454 0.790005 0.115610 0.961463
27.240000 0.012241 0.048550 0.192804 0.033363 0.790164 0.115683 0.961439
27.270000 0.012195 0.048456 0.192926 0.033272 0.790322 0.115756 0.961415
27.300000 0.012149 0.048362 0.193047 0.033181 0.790480 0.115828 0.961391
27.330000 0.012104 0.048268 0.193168 0.033090 0.790637 0.115901 0.961366
27.360000 0.012059 0.048174 0.193289 0.032999 0.790794 0.115973 0.961342
27.390000 0.012014 0.048080 0.193409 0.032909 0.790951 0.116045 0.961318
27.420000 0.011970 0.047987 0.193529 0.032819 0.791107 0.116118 0.961294
27.450000 0.011925 0.047893 0.193649 0.032729 0.791263 0.116189 0.961270
27.480000 0.011881 0.047800 0.193769 0.032640 0.791418 0.116261 0.961246
27.510000 0.011837 0.047707 0.193888 0.032550 0.791573 0.116333 0.961222
27.540000 0.011793 0.047614 0.194008 0.032461 0.791728 0.116405 0.961198
27.570000 0.011749 0.047520 0.194127 0.032372 0.791883 0.116476 0.961175
27.600000 0.011705 0.047428 0.194245 0.032283 0.792037 0.116547 0.961151
27.630000 0.011662 0.047335 0.194364 0.032195 0.792190 0.116618 0.961127
27.660000 0.011618 0.047242 0.194482 0.032107 0.792344 0.116689 0.961104
27.690000 0.011575 0.047149 0.194601 0.032018 0.792497 0.116760 0.961080
27.720000 0.011532 0.047057 0.194718 0.031931 0.792649 0.116831 0.961056
27.750000 0.011490 0.046964 0.194836 0.031843 0.792802 0.116902 0.961033
27.780000 0.011447 0.046872 0.194953 0.031755 0.792953 0.116972 0.961009
27.810000 0.011405 0.046780 0.195071 0.031668 0.793105 0.117042 0.960986
27.840000 0.011362 0.046688 0.195188 0.031581 0.793256 0.117113 0.960962
27.870000 0.011320 0.046596 0.195304 0.031494 0.793407 0.117183 0.960939
27.900000 0.011279 0.046504 0.195421 0.031408 0.793557 0.117252 0.960916
27.930000 0.011237 0.046412 0.195537 0.031322 0.793707 0.117322 0.960893
27.960000 0.011195 0.046320 0.195653 0.031235 0.793857 0.117392 0.960869
27.990000 0.011154 0.046229 0.195769 0.031149 0.794007 0.117461 0.960846
28.020000 0.011113 0.046137 0.195884 0.031064 0.794156 0.117531 0.960823
28.050000 0.011072 0.046046 0.196000 0.030978 0.794304 0.117600 0.960800
28.080000 0.011031 0.045955 0.196115 0.030893 0.794453 0.117669 0.960777
28.110000 0.010990 0.045863 0.196230 0.030808 0.794601 0.117738 0.960754
28.140000 0.010950 0.045772 0.196344 0.030723 0.794748 0.117807 0.960731
28.170000 0.010909 0.045681 0.196459 0.030638 0.794896 0.117875 0.960708
28.200000 0.010869 0.045591 0.196573 0.030554 0.795042 0.117944 0.960685
28.230000 0.010829 0.045500 0.196687 0.030470 0.795189 0.118012 0.960663
28.260000 0.010789 0.045409 0.196801 0.030386 0.795335 0.118080 0.960640
28.290000 0.010749 0.045319 0.196914 0.030302 0.795481 0.118149 0.960617
28.320000 0.010710 0.045229 0.197028 0.030218 0.795627 0.118217 0.960594
28.350000 0.010671 0.045138 0.197141 0.030135 0.795772 0.118284 0.960572
28.380000 0.010631 0.045048 0.197254 0.030052 0.795917 0.118352 0.960549
28.410000 0.010592 0.044958 0.197366 0.029969 0.796061 0.118420 0.960527
28.440000 0.010553 0.044868 0.197479 0.029886 0.796205 0.118487 0.960504
28.470000 0.010515 0.044778 0.197591 0.029803 0.796349 0.118554 0.960482
28.500000 0.010476 0.044689 0.197703 0.029721 0.796493 0.118622 0.960459
28.530000 0.010437 0.044599 0.197814 0.029639 0.796636 0.118689 0.960437
28.560000 0.010399 0.044510 0.197926 0.029557 0.796779 0.118756 0.960415
28.590000 0.010361 0.044420 0.198037 0.029475 0.796921 0.118822 0.960393
28.620000 0.010323 0.044331 0.198148 0.029394 0.797063 0.118889 0.960370
28.650000 0.010285 0.044242 0.198259 0.029312 0.797205 0.118955 0.960348
28.680000 0.010248 0.044153 0.198370 0.029231 0.797347 0.119022 0.960326
28.710000 0.010210 0.044064 0.198480 0.029150 0.797488 0.119088 0.960304
28.740000 0.010173 0.043975 0.198590 0.029070 0.797628 0.119154 0.960282
28.770000 0.010135 0.043886 0.198700 0.028989 0.797769 0.119220 0.960260
28.800000 0.010098 0.043798 0.198810 0.028909 0.797909 0.119286 0.960238
28.830000 0.010061 0.043709 0.198919 0.028829 0.798049 0.119352 0.960216
28.860000 0.010025 0.043621 0.199029 0.028749 0.798188 0.119417 0.960194
28.890000 0.009988 0.043533 0.199138 0.028669 0.798327 0.119483 0.960172
28.920000 0.009951 0.043445 0.199246 0.028590 0.798466 0.119548 0.960151
28.950000 0.009915 0.043357 0.199355 0.028510 0.798605 0.119613 0.960129
28.980000 0.009879 0.043269 0.199463 0.028431 0.798743 0.119678 0.960107
29.010000 0.009843 0.043181 0.199572 0.028353 0.798881 0.119743 0.960086
29.040000 0.009807 0.043093 0.199680 0.028274 0.799018 0.119808 0.960064
29.070000 0.009771 0.043006 0.199787 0.028195 0.799155 0.119872 0.960043
29.100000 0.009736 0.042918 0.199895 0.028117 0.799292 0.119937 0.960021
29.130000 0.009700 0.042831 0.200002 0.028039 0.799429 0.120001 0.960000
29.160000 0.009665 0.042744 0.200109 0.027961 0.799565 0.120066 0.959978
29.190000 0.009630 0.042657 0.200216 0.027883 0.799701 0.120130 0.959957
29.220000 0.009595 0.042570 0.200323 0.027806 0.799836 0.120194 0.959935
29.250000 0.009560 0.042483 0.200429 0.027729 0.799971 0.120257 0.959914
29.280000 0.009525 0.042396 0.200535 0.027652 0.800106 0.120321 0.959893
29.310000 0.009490 0.042309 0.200641 0.027575 0.800241 0.120385 0.959872
29.340000 0.009456 0.042223 0.200747 0.027498 0.800375 0.120448 0.959851
29.370000 0.009421 0.042137 0.200853 0.027421 0.800509 0.120512 0.959829
29.400000 0.009387 0.042050 0.200958 0.027345 0.800643 0.120575 0.959808
29.430000 0.009353 0.041964 0.201063 0.027269 0.800776 0.120638 0.959787
29.460000 0.009319 0.041878 0.201168 0.027193 0.800909 0.120701 0.959766
29.490000 0.009285 0.041792 0.201273 0.027117 0.801042 0.120764 0.959745
29.520000 0.009252 0.041706 0.201377 0.027042 0.801174 0.120826 0.959725
29.550000 0.009218 0.041621 0.201482 0.026967 0.801306 0.120889 0.959704
29.580000 0.009185 0.041535 0.201586 0.026891 0.801438 0.120951 0.959683
29.610000 0.009151 0.041450 0.201689 0.026816 0.801569 0.121014 0.959662
29.640000 0.009118 0.041364 0.201793 0.026742 0.801700 0.121076 0.959641
29.670000 0.009085 0.041279 0.201896 0.026667 0.801831 0.121138 0.959621
29.700000 0.009052 0.041194 0.202000 0.026593 0.801961 0.121200 0.959600
29.730000 0.009020 0.041109 0.202103 0.026519 0.802091 0.121262 0.959579
29.760000 0.008987 0.041024 0.202205 0.026445 0.802221 0.121323 0.959559
29.790000 0.008955 0.040939 0.202308 0.026371 0.802351 0.121385 0.959538
29.820000 0.008922 0.040855 0.202410 0.026297 0.802480 0.121446 0.959518
29.850000 0.008890 0.040770 0.202512 0.026224 0.802609 0.121507 0.959498
29.880000 0.008858 0.040686 0.202614 0.026150 0.802737 0.121569 0.959477
29.910000 0.008826 0.040601 0.202716 0.026077 0.802866 0.121630 0.959457
29.940000 0.008794 0.040517 0.202818 0.026005 0.802994 0.121691 0.959436
29.970000 0.008762 0.040433 0.202919 0.025932 0.803121 0.121751 0.959416
